player_name,team_abbreviation,age,player_height,player_weight,college,country,draft_year,draft_round,draft_number,gp,pts,reb,ast,net_rating,oreb_pct,dreb_pct,usg_pct,ts_pct,ast_pct
Stephen Curry,GSW,28.0,190.5,86.18248,Davidson,USA,2009,1,7,79,30.1,5.4,6.7,18.3,0.028999999999999998,0.131,0.32,0.669,0.315
Michael Jordan,CHI,34.0,198.12,97.975872,North Carolina,USA,1984,1,3,82,29.6,5.9,4.3,13.4,0.042,0.132,0.331,0.5670000000000001,0.20800000000000002
Kobe Bryant,LAL,26.0,198.12,99.79024,None,USA,1996,1,13,80,27.6,5.9,6.0,-2.2,0.04,0.125,0.316,0.563,0.287
Joel Embiid,PHI,29.0,213.36,127.00576000000001,Kansas,Cameroon,2014,1,3,66,33.1,10.2,4.2,8.8,0.057,0.243,0.37,0.655,0.233
Nikola Jokic,DEN,28.0,210.82,128.820128,None,Serbia,2014,2,41,78,24.5,11.8,9.8,12.5,0.08,0.28300000000000003,0.263,0.701,0.41200000000000003
Luka Doncic,DAL,24.0,200.66,104.32616,None,Slovenia,2018,1,3,66,32.4,8.6,8.0,2.1,0.024,0.22399999999999998,0.368,0.609,0.408
Randy Livingston,HOU,22.0,193.04,94.800728,Louisiana State,USA,1996,2,42,64,3.9,1.5,2.4,0.3,0.042,0.071,0.16899999999999998,0.48700000000000004,0.248
Gaylon Nickerson,WAS,28.0,190.5,86.18248,Northwestern Oklahoma,USA,1994,2,34,4,3.8,1.3,0.3,8.9,0.03,0.111,0.174,0.49700000000000005,0.043
George Lynch,VAN,26.0,203.2,103.418976,North Carolina,USA,1993,1,12,41,8.3,6.4,1.9,-8.2,0.106,0.185,0.175,0.512,0.125
George McCloud,LAL,30.0,203.2,102.0582,Florida State,USA,1989,1,7,64,10.2,2.8,1.7,-2.7,0.027000000000000003,0.111,0.20600000000000002,0.527,0.125
George Zidek,DEN,23.0,213.36,119.74828799999999,UCLA,USA,1995,1,22,52,2.8,1.7,0.3,-14.1,0.102,0.16899999999999998,0.195,0.5,0.064
Gerald Wilkins,ORL,33.0,198.12,102.0582,Tennessee-Chattanooga,USA,1985,2,47,80,10.6,2.2,2.2,-5.8,0.031,0.064,0.203,0.503,0.14300000000000002
Gheorghe Muresan,WAS,26.0,231.14,137.438376,None,USA,1993,2,30,73,10.6,6.6,0.4,6.9,0.098,0.217,0.185,0.618,0.024
Glen Rice,CHH,30.0,203.2,99.79024,Michigan,USA,1989,1,4,79,26.8,4.0,2.0,3.2,0.025,0.087,0.272,0.605,0.08800000000000001
Glenn Robinson,MIL,24.0,200.66,106.59411999999999,Purdue,USA,1994,1,1,80,21.1,6.3,3.1,-2.9,0.051,0.14400000000000002,0.278,0.528,0.146
Grant Hill,DET,24.0,203.2,102.0582,Duke,USA,1994,1,3,80,21.4,9.0,7.3,6.9,0.049,0.23199999999999998,0.28300000000000003,0.556,0.35600000000000004
Gary Trent,POR,22.0,203.2,113.398,Ohio,USA,1995,1,11,82,10.8,5.2,1.1,2.5,0.10099999999999999,0.16699999999999998,0.212,0.569,0.077
Grant Long,DET,31.0,205.74,112.490816,Eastern Michigan,USA,1988,2,33,65,5.0,3.4,0.6,4.0,0.096,0.15,0.154,0.523,0.057999999999999996
Greg Anthony,VAN,29.0,185.42,81.64656,Nevada-Las Vegas,USA,1991,1,12,65,9.5,2.8,6.3,-9.4,0.015,0.099,0.177,0.526,0.358
Greg Dreiling,DAL,33.0,215.9,120.20188,Kansas,USA,1986,2,26,40,2.0,1.9,0.3,-8.0,0.059000000000000004,0.192,0.114,0.466,0.048
Greg Foster,UTA,28.0,210.82,113.398,Texas-El Paso,USA,1990,2,35,79,3.5,2.4,0.4,-0.9,0.078,0.166,0.168,0.508,0.055
Greg Graham,SEA,26.0,193.04,82.553744,Indiana,USA,1993,1,17,28,3.3,0.5,0.4,3.6,0.013000000000000001,0.063,0.245,0.47600000000000003,0.1
Greg Minor,BOS,25.0,198.12,95.25432,Louisville,USA,1994,1,25,23,9.6,3.5,1.5,-2.1,0.057999999999999996,0.11,0.18899999999999997,0.519,0.10300000000000001
Greg Ostertag,UTA,24.0,218.44,127.00576000000001,Kansas,USA,1995,1,28,77,7.3,7.3,0.4,15.9,0.133,0.24600000000000002,0.146,0.561,0.021,1996-97
Hakeem Olajuwon,HOU,34.0,213.36,115.66596000000001,Houston,Nigeria,1984,1,1,78,23.2,9.2,3.0,6.5,0.075,0.20600000000000002,0.308,0.5579999999999999,0.158
Harvey Grant,WAS,31.0,205.74,102.0582,Oklahoma,USA,1988,1,12,78,4.1,3.3,0.9,1.7,0.045,0.136,0.102,0.47700000000000004,0.059000000000000004
Haywoode Workman,IND,31.0,187.96,81.64656,Oral Roberts,USA,1989,2,49,4,5.5,1.8,2.8,-7.3,0.055999999999999994,0.045,0.139,0.5379999999999999,0.23399999999999999
Greg Anderson,SAS,33.0,208.28,113.398,Houston,USA,1987,1,23,82,3.9,5.5,0.4,-14.2,0.109,0.21899999999999997,0.106,0.531,0.033
Gary Payton,SEA,28.0,193.04,86.18248,Oregon State,USA,1990,1,2,82,21.8,4.6,7.1,10.3,0.04,0.102,0.264,0.545,0.33
Gary Grant,MIA,32.0,190.5,83.91452,Michigan,USA,1988,1,15,28,3.9,1.4,1.6,3.2,0.028999999999999998,0.105,0.19399999999999998,0.46,0.215
Fred Roberts,DAL,36.0,208.28,98.88305600000001,Brigham Young,USA,1982,2,27,12,1.8,0.8,0.0,-13.1,0.053,0.17800000000000002,0.265,0.52,0.0
Eldridge Recasner,ATL,29.0,193.04,86.18248,Washington,USA,1992,Undrafted,Undrafted,71,5.7,1.6,1.3,-0.3,0.036000000000000004,0.076,0.172,0.539,0.141
Elliot Perry,MIL,28.0,182.88,72.57472,Memphis,USA,1991,2,37,82,6.9,1.5,3.0,-1.2,0.018000000000000002,0.081,0.177,0.557,0.262
Elmer Bennett,DEN,27.0,182.88,77.11064,Notre Dame,USA,1992,2,38,9,2.4,0.4,1.2,-7.4,0.0,0.053,0.187,0.47,0.21600000000000003
Elmore Spencer,SEA,27.0,213.36,122.46983999999999,Nevada-Las Vegas,USA,1992,1,25,1,0.0,0.0,0.0,-147.5,0.0,0.0,0.126,0.0,0.0
Emanual Davis,HOU,28.0,195.58,87.996848,Delaware State,USA,Undrafted,Undrafted,Undrafted,13,5.0,1.7,2.0,6.6,0.011000000000000001,0.098,0.14400000000000002,0.565,0.191
Ennis Whatley,POR,34.0,190.5,80.28578399999998,Alabama,USA,1983,1,13,3,1.3,1.0,1.0,-57.4,0.0,0.15,0.115,0.5,0.375
Eric Leckner,VAN,31.0,210.82,120.20188,Wyoming,USA,1988,1,17,20,1.7,1.8,0.3,-3.9,0.044000000000000004,0.258,0.175,0.444,0.067
Eric Mobley,VAN,27.0,210.82,106.59411999999999,Pittsburgh,USA,1994,1,18,28,2.6,2.1,0.5,-15.4,0.106,0.102,0.158,0.47200000000000003,0.076
Eric Montross,NJN,25.0,213.36,122.46983999999999,North Carolina,USA,1994,1,9,78,4.4,6.6,0.8,-6.6,0.107,0.20600000000000002,0.11199999999999999,0.452,0.05
Eric Murdock,DEN,29.0,185.42,86.18248,Providence,USA,1991,1,21,12,3.8,0.9,2.0,-1.4,0.01,0.102,0.188,0.588,0.436
Eric Piatkowski,LAC,26.0,200.66,97.52228000000001,Nebraska,USA,1994,1,15,65,6.0,1.6,0.8,2.4,0.071,0.08800000000000001,0.22,0.579,0.111
Eric Snow,SEA,24.0,190.5,90.7184,Michigan State,USA,1995,2,43,67,3.0,1.0,2.4,-1.2,0.027000000000000003,0.085,0.145,0.515,0.33899999999999997
Eric Williams,BOS,24.0,203.2,99.79024,Providence,USA,1995,1,14,72,15.0,4.6,1.8,-6.8,0.057,0.107,0.207,0.5329999999999999,0.087
Erick Dampier,IND,21.0,210.82,120.20188,Mississippi State,USA,1996,1,10,72,5.1,4.1,0.6,-2.0,0.107,0.21600000000000003,0.218,0.451,0.07400000000000001
Erick Strickland,DAL,23.0,190.5,95.25432,Nebraska,USA,Undrafted,Undrafted,Undrafted,28,10.6,3.2,2.4,-6.4,0.032,0.11199999999999999,0.21600000000000003,0.51,0.161
Ervin Johnson,DEN,29.0,210.82,111.13004,New Orleans,USA,1993,1,23,82,7.1,11.1,0.9,-5.9,0.10300000000000001,0.294,0.114,0.5429999999999999,0.042
Evric Gray,NJN,27.0,200.66,106.59411999999999,Nevada-Las Vegas,USA,Undrafted,Undrafted,Undrafted,5,2.6,0.6,0.4,17.5,0.026000000000000002,0.049,0.192,0.38799999999999996,0.065
Felton Spencer,GSW,29.0,213.36,127.00576000000001,Louisville,USA,1990,1,6,73,5.1,5.7,0.3,-1.2,0.124,0.205,0.128,0.524,0.02
Frank Brickowski,BOS,37.0,205.74,108.86208,Penn State,USA,1981,3,57,17,4.8,2.0,0.9,-22.4,0.026000000000000002,0.133,0.17300000000000001,0.512,0.11599999999999999
Frankie King,PHI,25.0,185.42,83.91452,Western Carolina,USA,1995,2,37,7,2.9,2.0,0.7,1.4,0.065,0.156,0.13,0.521,0.106
Fred Hoiberg,IND,24.0,193.04,92.079176,Iowa State,USA,1995,2,52,47,4.8,1.7,0.9,4.9,0.027999999999999997,0.146,0.172,0.59,0.122
Henry James,ATL,31.0,203.2,99.79024,St. Mary's (TX),USA,Undrafted,Undrafted,Undrafted,53,6.7,1.5,0.4,1.2,0.034,0.067,0.171,0.555,0.036000000000000004
Elden Campbell,LAL,28.0,213.36,113.398,Clemson,USA,1990,1,27,77,14.9,8.0,1.6,3.3,0.095,0.183,0.222,0.52,0.087,1996-97
Herb Williams,NYK,39.0,210.82,117.93392,Ohio State,USA,1981,1,14,21,1.9,1.5,0.2,-10.8,0.055999999999999994,0.141,0.132,0.408,0.045
Horace Grant,ORL,31.0,208.28,111.13004,Clemson,USA,1987,1,10,67,12.6,9.0,2.4,1.1,0.094,0.19,0.161,0.546,0.11199999999999999
Jerome Williams,DET,24.0,205.74,93.439952,Georgetown,USA,1996,1,26,33,1.5,1.5,0.2,3.0,0.14400000000000002,0.182,0.18100000000000002,0.419,0.071
Jerry Stackhouse,PHI,22.0,198.12,98.88305600000001,North Carolina,USA,1995,1,3,81,20.7,4.2,3.1,-6.8,0.053,0.063,0.254,0.524,0.134
Jim Jackson,NJN,26.0,198.12,97.52228000000001,Ohio State,USA,1992,1,4,77,15.9,5.3,4.1,-8.4,0.051,0.113,0.214,0.526,0.191
Jim McIlvaine,SEA,24.0,215.9,117.93392,Marquette,USA,1994,2,32,82,3.8,4.0,0.3,9.7,0.10300000000000001,0.152,0.11599999999999999,0.48700000000000004,0.022000000000000002
Jimmy Carruth,MIL,27.0,208.28,120.20188,Virginia Tech,USA,Undrafted,Undrafted,Undrafted,4,1.3,1.0,0.0,-17.7,0.0,0.21100000000000002,0.10300000000000001,0.727,0.0
Jimmy King,DEN,23.0,195.58,95.25432,Michigan,USA,1995,2,35,2,3.0,1.0,1.0,-42.5,0.08,0.0,0.162,0.387,0.2
Jimmy Oliver,TOR,27.0,195.58,92.98635999999999,Purdue,USA,1991,2,39,4,2.8,1.3,0.3,-40.8,0.024,0.10800000000000001,0.165,0.396,0.038
Joe Courtney,SAS,27.0,203.2,106.59411999999999,Southern Mississippi,USA,Undrafted,Undrafted,Undrafted,9,2.8,1.8,0.0,-6.1,0.09699999999999999,0.095,0.151,0.38799999999999996,0.0
Joe Dumars,DET,34.0,190.5,88.45044,McNeese State,USA,1985,1,18,79,14.7,2.4,4.0,6.1,0.017,0.065,0.19,0.586,0.185
Jerome Kersey,LAL,35.0,200.66,108.86208,Longwood,USA,1984,2,46,70,6.8,5.2,1.3,4.1,0.07200000000000001,0.16399999999999998,0.145,0.475,0.077
Joe Kleine,NJN,35.0,213.36,122.923432,Arkansas,USA,1985,1,6,59,2.8,3.4,0.6,-7.6,0.081,0.191,0.11800000000000001,0.45,0.065
Joe Stephens,HOU,24.0,200.66,95.25432,Arkansas-Little Rock,USA,Undrafted,Undrafted,Undrafted,2,1.5,1.5,0.0,-17.4,0.25,0.111,0.27899999999999997,0.3,0.0
Joe Wolf,MIL,32.0,210.82,117.93392,North Carolina,USA,1987,1,13,56,1.7,2.0,0.4,-3.5,0.07200000000000001,0.191,0.09699999999999999,0.488,0.055999999999999994
John Crotty,MIA,27.0,187.96,83.91452,Virginia,USA,Undrafted,Undrafted,Undrafted,48,4.8,1.0,2.1,-2.1,0.028999999999999998,0.059000000000000004,0.161,0.637,0.287
John Long,TOR,40.0,195.58,90.7184,Detroit Mercy,USA,1978,2,29,32,4.0,1.3,0.7,-9.8,0.017,0.10099999999999999,0.182,0.499,0.10400000000000001
John Starks,NYK,31.0,195.58,83.91452,Oklahoma State,USA,Undrafted,Undrafted,Undrafted,77,13.8,2.7,2.8,6.5,0.021,0.094,0.24600000000000002,0.555,0.19899999999999998
John Stockton,UTA,35.0,185.42,79.3786,Gonzaga,USA,1984,1,16,82,14.4,2.8,10.5,11.4,0.021,0.075,0.18600000000000003,0.6559999999999999,0.45
John Wallace,NYK,23.0,205.74,102.0582,Syracuse,USA,1996,1,18,68,4.8,2.3,0.5,2.7,0.08,0.14800000000000002,0.204,0.5710000000000001,0.081
Johnny Newman,MIL,33.0,200.66,90.7184,Richmond,USA,1986,2,29,82,8.7,2.3,1.4,0.2,0.040999999999999995,0.07200000000000001,0.175,0.545,0.092
John Barry,ATL,27.0,195.58,92.98635999999999,Georgia Tech,USA,1992,1,21,58,4.9,1.7,2.0,5.0,0.031,0.087,0.152,0.535,0.193
Joe Smith,GSW,21.0,208.28,102.0582,Maryland,USA,1995,1,1,80,18.7,8.5,1.6,-3.3,0.10300000000000001,0.163,0.239,0.512,0.07
Jerome Allen,DEN,24.0,193.04,83.46092800000001,Pennsylvania,USA,1995,2,49,76,3.0,1.3,2.0,-3.7,0.031,0.08800000000000001,0.154,0.449,0.264
Jermaine O'Neal,POR,18.0,210.82,102.511792,None,USA,1996,1,17,45,4.1,2.8,0.2,1.3,0.099,0.198,0.19899999999999998,0.494,0.03
Jeff McInnis,DEN,22.0,193.04,86.18248,North Carolina,USA,1996,2,37,13,5.0,0.5,1.4,-17.8,0.021,0.04,0.259,0.609,0.327
Horacio Llamas,PHX,23.0,210.82,129.27372,Grand Canyon,USA,Undrafted,Undrafted,Undrafted,20,1.7,0.9,0.2,11.5,0.048,0.13699999999999998,0.19,0.539,0.055999999999999994
Hot Rod Williams,PHX,34.0,210.82,111.13004,Tulane,USA,1985,2,45,68,8.0,8.3,1.5,4.3,0.099,0.19899999999999998,0.122,0.5379999999999999,0.067
Howard Eisley,UTA,24.0,187.96,80.28578399999998,Boston College,USA,1994,2,30,82,4.5,1.0,2.4,2.5,0.024,0.067,0.192,0.53,0.29600000000000004
Hubert Davis,TOR,27.0,195.58,83.007336,North Carolina,USA,1992,1,20,36,5.0,1.1,0.9,-3.3,0.02,0.054000000000000006,0.154,0.466,0.08800000000000001
Ike Austin,MIA,27.0,208.28,122.46983999999999,Arizona State,USA,1991,2,48,82,9.7,5.8,1.2,2.9,0.09,0.218,0.22699999999999998,0.536,0.1
Isaiah Rider,POR,26.0,195.58,97.52228000000001,Nevada-Las Vegas,USA,1993,1,5,76,16.1,4.0,2.6,3.4,0.045,0.09699999999999999,0.22899999999999998,0.557,0.129
Ivano Newbill,ATL,26.0,208.28,111.13004,Georgia Tech,USA,1994,Undrafted,Undrafted,72,1.4,2.8,0.3,2.5,0.10400000000000001,0.18899999999999997,0.083,0.439,0.042
Jack Haley,NJN,33.0,208.28,109.769264,UCLA,USA,1987,4,79,20,2.0,1.6,0.3,5.0,0.16699999999999998,0.284,0.22399999999999998,0.441,0.08800000000000001
